MEMORY
  total           15979 KB
  struct            159 KB
  buffer           1484 KB
  arena           14336 KB, used 0.3%

SIZES
  narena                14680064
  nbuffer               1519648
  nplugin               0
  maxuse_stack          7968
  maxuse_arena          44096
  maxuse_con            7
  maxuse_efc            33
  ncon                  4
  ne                    0
  nf                    0
  nl                    6
  nefc                  22
  nJ                    550
  nA                    0
  nisland               1
  nidof                 25
  ntree_awake           1
  nbody_awake           22
  nparent_awake         21
  nv_awake              25
  flg_energypos         0
  flg_energyvel         0
  flg_subtreevel        0
  flg_rnepost           1
  threadpool            0

TIMER
    0:  duration =  1.2        number = 8
    1:  duration =  1.2        number = 8
    2:  duration =  0          number = 0
    3:  duration =  1          number = 8
    4:  duration =  0.024      number = 8
    5:  duration =  0.0077     number = 8
    6:  duration =  0.1        number = 8
    7:  duration =  0.021      number = 8
    8:  duration =  0.066      number = 8
    9:  duration =  0.035      number = 8
    10:  duration =  0.83       number = 8
    11:  duration =  0.062      number = 8
    12:  duration =  0.00067    number = 8
    13:  duration =  0.07       number = 8
    14:  duration =  0.2        number = 8

SOLVER STAT
  solver_fwdinv =   0         0       
  ISLAND 0
    solver_niter = 1
    solver_nnz = 625
      0:  improvement =  4.8e-09     gradient =  2.4e-16     lineslope =  0       
          nactive = 22   nchange = 0   neval = 2   nupdate = 0

ENERGY =   0         0       

TIME =  30      

QPOS
   0.008   
   0.0016  
  -3.8e+03 
   0.91    
  -0.085   
   0.4     
   0.021   
  -0.015   
  -0.026   
  -0.41    
   0.026   
  -0.026   
  -0.41    
  -0.015   
  -0.026   
  -0.41    
   0.026   
  -0.026   
  -0.41    
  -9.5e-05 
  -0.0003  
  -0.02    
  -0.0041  
  -6.9e-07 
  -1.9e-06 
   4.7e-06 

QVEL
   0.00032 
  -2.7e-05 
  -2.4e+02 
  -0.00081 
   0.025   
   0.0049  
   4.5e-05 
  -0.0013  
  -4.2e-06 
  -2.1e-06 
  -0.0014  
  -4.2e-06 
   0.0001  
  -0.0014  
  -4.4e-06 
  -9.4e-05 
  -0.0014  
  -4.4e-06 
  -1.8e-07 
   7.1e-07 
   9.4e-07 
  -1.6e-06 
   1.8e-07 
   1.1e-08 
   6.3e-08 

QACC_WARMSTART
  -0.00043 
   1.1e-05 
  -6.5     
   0.00089 
  -0.027   
  -0.0056  
  -0.00033 
   0.001   
  -0.00025 
   0.0003  
   0.001   
  -0.00024 
  -0.00034 
   0.001   
  -0.00027 
   0.00036 
   0.001   
  -0.00027 
   6.4e-06 
   5e-05   
  -0.00012 
  -2.5e-05 
  -5.9e-07 
   1.1e-07 
  -3.1e-06 

CTRL
   0       
   0       
   0       
   0       
   0       
   0       
   0       
   0       
   0       
   0       
   0       
   0       
   0       
   0       
   0       
   0       
   0       
   0       

QFRC_APPLIED
   0       
   0       
   0       
   0       
   0       
   0       
   0       
   0       
   0       
   0       
   0       
   0       
   0       
   0       
   0       
   0       
   0       
   0       
   0       
   0       
   0       
   0       
   0       
   0       
   0       

XFRC_APPLIED
   0         0         0         0         0         0       
   0         0         0         0         0         0       
   0         0         0         0         0         0       
   0         0         0         0         0         0       
   0         0         0         0         0         0       
   0         0         0         0         0         0       
   0         0         0         0         0         0       
   0         0         0         0         0         0       
   0         0         0         0         0         0       
   0         0         0         0         0         0       
   0         0         0         0         0         0       
   0         0         0         0         0         0       
   0         0         0         0         0         0       
   0         0         0         0         0         0       
   0         0         0         0         0         0       
   0         0         0         0         0         0       
   0         0         0         0         0         0       
   0         0         0         0         0         0       
   0         0         0         0         0         0       
   0         0         0         0         0         0       
   0         0         0         0         0         0       
   0         0         0         0         0         0       

QACC
  -0.00043 
   1.1e-05 
  -6.5     
   0.00089 
  -0.027   
  -0.0056  
  -0.00033 
   0.001   
  -0.00025 
   0.0003  
   0.001   
  -0.00024 
  -0.00034 
   0.001   
  -0.00027 
   0.00036 
   0.001   
  -0.00027 
   6.4e-06 
   5e-05   
  -0.00012 
  -2.5e-05 
  -5.9e-07 
   1.1e-07 
  -3.1e-06 

SENSOR
  -0.00081 
   0.025   
   0.0049  
   1.8e+02 
   33      
  -1.6e+02 
  -2.4     
  -0.45    
   2.2     

TREE_ASLEEP
  -11

XPOS
   0         0         0       
   0.008     0.0016   -3.8e+03 
   0.22      0.063    -3.8e+03 
   0.21      0.18     -3.8e+03 
  -0.042     0.11     -3.8e+03 
   0.24     -0.079    -3.8e+03 
   0.25     -0.2      -3.8e+03 
  -0.0028   -0.25     -3.8e+03 
  -0.22      0.082    -3.8e+03 
  -0.24      0.2      -3.8e+03 
  -0.48      0.13     -3.8e+03 
  -0.21     -0.059    -3.8e+03 
  -0.19     -0.18     -3.8e+03 
  -0.45     -0.23     -3.8e+03 
   0.12      0.013    -3.8e+03 
   0.16      0.023    -3.8e+03 
   0.2       0.031    -3.8e+03 
  -0.04      0.041    -3.8e+03 
   0.15      0.046    -3.8e+03 
   0.2       0.044    -3.8e+03 
   0.23      0.042    -3.8e+03 
   0.3       0.04     -3.8e+03 

XQUAT
   1         0         0         0       
   0.91     -0.085     0.4       0.021   
   0.91     -0.092     0.4       0.024   
   0.92     -0.092     0.39      0.026   
   0.98     -0.085     0.2       0.044   
   0.91     -0.074     0.4       0.016   
   0.92     -0.074     0.39      0.017   
   0.98     -0.069     0.2       0.032   
   0.91     -0.092     0.4       0.024   
   0.92     -0.092     0.39      0.026   
   0.98     -0.085     0.2       0.044   
   0.91     -0.074     0.4       0.016   
   0.92     -0.074     0.39      0.017   
   0.98     -0.069     0.2       0.032   
   0.91     -0.085     0.4       0.021   
   0.91     -0.085     0.4       0.021   
   0.91     -0.085     0.4       0.021   
   0.91     -0.085     0.39      0.022   
   0.92     -0.085     0.39      0.022   
   0.92     -0.085     0.39      0.022   
   0.92     -0.085     0.39      0.022   
   0.92     -0.085     0.39      0.022   

XMAT
   1         0         0         0         1         0         0         0         1       
   0.67     -0.11      0.73     -0.03      0.98      0.17     -0.74     -0.14      0.66    
   0.67     -0.12      0.73     -0.03      0.98      0.19     -0.74     -0.15      0.66    
   0.69     -0.12      0.71     -0.025     0.98      0.19     -0.72     -0.15      0.68    
   0.92     -0.12      0.38      0.052     0.98      0.18     -0.39     -0.15      0.91    
   0.67     -0.089     0.73     -0.03      0.99      0.15     -0.74     -0.12      0.66    
   0.69     -0.089     0.72     -0.026     0.99      0.15     -0.72     -0.12      0.68    
   0.92     -0.089     0.38      0.035     0.99      0.15     -0.39     -0.12      0.91    
   0.67     -0.12      0.73     -0.03      0.98      0.19     -0.74     -0.15      0.66    
   0.69     -0.12      0.71     -0.025     0.98      0.19     -0.72     -0.15      0.68    
   0.92     -0.12      0.38      0.052     0.98      0.18     -0.39     -0.15      0.91    
   0.67     -0.089     0.73     -0.03      0.99      0.15     -0.74     -0.12      0.66    
   0.69     -0.089     0.72     -0.026     0.99      0.15     -0.72     -0.12      0.68    
   0.92     -0.089     0.38      0.035     0.99      0.15     -0.39     -0.12      0.91    
   0.67     -0.11      0.73     -0.03      0.98      0.17     -0.74     -0.14      0.66    
   0.67     -0.11      0.73     -0.03      0.98      0.17     -0.74     -0.14      0.66    
   0.67     -0.11      0.73     -0.03      0.98      0.17     -0.74     -0.14      0.66    
   0.69     -0.11      0.72     -0.027     0.98      0.17     -0.72     -0.14      0.67    
   0.69     -0.11      0.71     -0.026     0.98      0.17     -0.72     -0.14      0.68    
   0.69     -0.11      0.71     -0.026     0.98      0.17     -0.72     -0.14      0.68    
   0.69     -0.11      0.71     -0.026     0.98      0.17     -0.72     -0.14      0.68    
   0.69     -0.11      0.71     -0.026     0.98      0.17     -0.72     -0.14      0.68    

XIPOS
   0         0         0       
   0.03      0.0073   -3.8e+03 
   0.22      0.054    -3.8e+03 
   0.17      0.14     -3.8e+03 
  -0.1       0.081    -3.8e+03 
   0.23     -0.069    -3.8e+03 
   0.2      -0.17     -3.8e+03 
  -0.064    -0.28     -3.8e+03 
  -0.21      0.072    -3.8e+03 
  -0.27      0.16     -3.8e+03 
  -0.55      0.1      -3.8e+03 
  -0.2      -0.051    -3.8e+03 
  -0.24     -0.15     -3.8e+03 
  -0.51     -0.26     -3.8e+03 
   0.14      0.017    -3.8e+03 
   0.18      0.027    -3.8e+03 
   0.12      0.037    -3.8e+03 
   0.059     0.039    -3.8e+03 
   0.18      0.048    -3.8e+03 
   0.23      0.044    -3.8e+03 
   0.25      0.041    -3.8e+03 
   0.31      0.045    -3.8e+03 

XIMAT
   1         0         0         0         1         0         0         0         1       
   0.67      0.11      0.74      0.18     -0.98     -0.017     0.72      0.14     -0.68    
  -0.089     0.73      0.68      0.98      0.19     -0.074    -0.18      0.66     -0.73    
   0.43     -0.48      0.77      0.72      0.69      0.031    -0.55      0.54      0.64    
  -0.12     -0.92      0.36      0.98     -0.055     0.18     -0.15      0.38      0.91    
  -0.14      0.73      0.67      0.99      0.14      0.06     -0.05      0.67     -0.74    
  -0.58     -0.34      0.74      0.74     -0.61      0.3       0.35      0.72      0.6     
  -0.089    -0.93      0.37      0.99     -0.037     0.15     -0.12      0.38      0.92    
  -0.18      0.73      0.66      0.98      0.19      0.058    -0.086     0.65     -0.75    
   0.43     -0.48      0.77      0.72      0.69      0.03     -0.55      0.54      0.64    
  -0.12     -0.92      0.36      0.98     -0.055     0.18     -0.15      0.38      0.91    
  -0.059     0.73      0.68      0.99      0.15     -0.075    -0.15      0.66     -0.73    
  -0.58     -0.34      0.74      0.74     -0.61      0.3       0.35      0.72      0.6     
  -0.089    -0.93      0.37      0.99     -0.037     0.15     -0.12      0.38      0.92    
   0.68      0.11      0.72      0.17     -0.99     -0.0069    0.71      0.12     -0.69    
   0.67      0.73      0.11     -0.03      0.18     -0.98     -0.74      0.66      0.14    
   0.73      0.086     0.68      0.17     -0.98     -0.056     0.66      0.15     -0.73    
  -0.088     0.53      0.84      0.99      0.12      0.026    -0.09      0.84     -0.54    
   0.76      0.0061    0.65      0.15     -0.98     -0.16      0.64      0.22     -0.74    
  -0.11      0.81      0.58      0.98      0.17     -0.053    -0.14      0.56     -0.82    
   0.7      -0.067     0.71      0.01      1         0.083    -0.72     -0.051     0.7     
   0.64     -0.02      0.77      0.19     -0.97     -0.18      0.74      0.26     -0.62    

XANCHOR
   0.008     0.0016   -3.8e+03 
   0.22      0.063    -3.8e+03 
   0.21      0.18     -3.8e+03 
  -0.042     0.11     -3.8e+03 
   0.24     -0.079    -3.8e+03 
   0.25     -0.2      -3.8e+03 
  -0.0028   -0.25     -3.8e+03 
  -0.22      0.082    -3.8e+03 
  -0.24      0.2      -3.8e+03 
  -0.48      0.13     -3.8e+03 
  -0.21     -0.059    -3.8e+03 
  -0.19     -0.18     -3.8e+03 
  -0.45     -0.23     -3.8e+03 
   0.16      0.023    -3.8e+03 
   0.2       0.031    -3.8e+03 
  -0.04      0.041    -3.8e+03 
   0.15      0.046    -3.8e+03 
   0.2       0.044    -3.8e+03 
   0.23      0.042    -3.8e+03 
   0.3       0.04     -3.8e+03 

XAXIS
   0         0         1       
   0.67     -0.03     -0.74    
  -0.12      0.98     -0.15    
  -0.12      0.98     -0.15    
   0.67     -0.03     -0.74    
  -0.089     0.99     -0.12    
  -0.089     0.99     -0.12    
   0.67     -0.03     -0.74    
  -0.12      0.98     -0.15    
  -0.12      0.98     -0.15    
   0.67     -0.03     -0.74    
  -0.089     0.99     -0.12    
  -0.089     0.99     -0.12    
   0.73      0.17      0.66    
  -0.11      0.98     -0.14    
  -0.11      0.98     -0.14    
  -0.11      0.98     -0.14    
   0.71      0.17      0.68    
   0.69     -0.026    -0.72    
  -0.11      0.98     -0.14    

GEOM_XPOS
   0.044     0.0037   -3.8e+03 
   0.008     0.0016   -3.8e+03 
   0.024     0.15     -3.8e+03 
   0.044    -0.13     -3.8e+03 
   0.37      0.021    -3.8e+03 
   0.35      0.019    -3.8e+03 
   0.34      6.4e-05  -3.8e+03 
  -0.25      0.02     -3.8e+03 
   0.047    -0.013    -3.8e+03 
   0.008     0.0016   -3.8e+03 
   0.29     -0.0099   -3.8e+03 
   0.008     0.0016   -3.8e+03 
  -0.26      0.015    -3.8e+03 
   0.28     -0.014    -3.8e+03 
  -0.29      0.0096   -3.8e+03 
   0.2       0.06     -3.8e+03 
   0.21      0.18     -3.8e+03 
   0.15      0.14     -3.8e+03 
   0.076     0.15     -3.8e+03 
   0.15      0.18     -3.8e+03 
  -0.11      0.076    -3.8e+03 
  -0.055     0.11     -3.8e+03 
  -0.059     0.097    -3.8e+03 
  -0.093     0.075    -3.8e+03 
  -0.14      0.058    -3.8e+03 
  -0.19      0.047    -3.8e+03 
  -0.17      0.05     -3.8e+03 
   0.21     -0.075    -3.8e+03 
   0.25     -0.2      -3.8e+03 
   0.18     -0.19     -3.8e+03 
   0.084    -0.23     -3.8e+03 
   0.19     -0.22     -3.8e+03 
  -0.071    -0.28     -3.8e+03 
  -0.016    -0.25     -3.8e+03 
  -0.021    -0.26     -3.8e+03 
  -0.055    -0.28     -3.8e+03 
  -0.099    -0.29     -3.8e+03 
  -0.15     -0.3      -3.8e+03 
  -0.14     -0.3      -3.8e+03 
  -0.2       0.078    -3.8e+03 
  -0.24      0.2      -3.8e+03 
  -0.3       0.16     -3.8e+03 
  -0.4       0.16     -3.8e+03 
  -0.29      0.2      -3.8e+03 
  -0.55      0.096    -3.8e+03 
  -0.5       0.13     -3.8e+03 
  -0.5       0.12     -3.8e+03 
  -0.54      0.094    -3.8e+03 
  -0.58      0.078    -3.8e+03 
  -0.63      0.067    -3.8e+03 
  -0.62      0.07     -3.8e+03 
  -0.18     -0.057    -3.8e+03 
  -0.19     -0.18     -3.8e+03 
  -0.26     -0.17     -3.8e+03 
  -0.36     -0.21     -3.8e+03 
  -0.25     -0.2      -3.8e+03 
  -0.51     -0.26     -3.8e+03 
  -0.46     -0.23     -3.8e+03 
  -0.46     -0.24     -3.8e+03 
  -0.5      -0.26     -3.8e+03 
  -0.54     -0.27     -3.8e+03 
  -0.59     -0.28     -3.8e+03 
  -0.58     -0.28     -3.8e+03 
   0.13      0.017    -3.8e+03 
   0.14      0.017    -3.8e+03 
   0.18      0.027    -3.8e+03 
   0.11      0.039    -3.8e+03 
   0.2       0.031    -3.8e+03 
   0.087     0.036    -3.8e+03 
  -0.04      0.041    -3.8e+03 
   0.055     0.04     -3.8e+03 
   0.088     0.048    -3.8e+03 
   0.15      0.045    -3.8e+03 
   0.18      0.05     -3.8e+03 
   0.2       0.044    -3.8e+03 
   0.22      0.045    -3.8e+03 
   0.25      0.042    -3.8e+03 
   0.25      0.042    -3.8e+03 
   0.3       0.037    -3.8e+03 
   0.35      0.034    -3.8e+03 
   0.33      0.034    -3.8e+03 
   0.31      0.034    -3.8e+03 
   0.29      0.036    -3.8e+03 
   0.3       0.04     -3.8e+03 
   0.28      0.041    -3.8e+03 
   0.35      0.021    -3.8e+03 
   0.35      0.05     -3.8e+03 
   0.33      0.04     -3.8e+03 
   0.36      0.038    -3.8e+03 
   0.35      0.04     -3.8e+03 
   0.34      0.041    -3.8e+03 
   0.31      0.075    -3.8e+03 
   0.31      0.0051   -3.8e+03 
   0.36      0.022    -3.8e+03 
   0.36      0.051    -3.8e+03 

GEOM_XMAT
   0.68      0.11      0.72      0.18     -0.98     -0.018     0.71      0.14     -0.69    
   0.67     -0.11      0.73     -0.03      0.98      0.17     -0.74     -0.14      0.66    
   0.094     0.74      0.67      0.99     -0.1      -0.028     0.047     0.67     -0.74    
  -0.3       0.67      0.68      0.9       0.43     -0.027    -0.31      0.6      -0.74    
   0.73     -0.67      0.11      0.17      0.03     -0.98      0.66      0.74      0.14    
   0.67     -0.11      0.73     -0.03      0.98      0.17     -0.74     -0.14      0.66    
  -0.036     0.99      0.11     -0.14      0.1      -0.98     -0.99     -0.051     0.14    
  -0.99      0.036    -0.11     -0.1       0.14      0.98      0.051     0.99     -0.14    
   0.67     -0.11      0.73     -0.03      0.98      0.17     -0.74     -0.14      0.66    
   0.67     -0.11      0.73     -0.03      0.98      0.17     -0.74     -0.14      0.66    
   0.67     -0.11      0.73     -0.03      0.98      0.17     -0.74     -0.14      0.66    
   0.67     -0.11      0.73     -0.03      0.98      0.17     -0.74     -0.14      0.66    
   0.67     -0.11      0.73     -0.03      0.98      0.17     -0.74     -0.14      0.66    
  -0.67     -0.73      0.11      0.03     -0.17     -0.98      0.74     -0.66      0.14    
   0.67     -0.73     -0.11     -0.03     -0.17      0.98     -0.74     -0.66     -0.14    
  -0.073     0.73      0.68      0.98      0.18     -0.094    -0.19      0.66     -0.73    
   0.67      0.73      0.12     -0.03      0.19     -0.98     -0.74      0.66      0.15    
   0.59     -0.27      0.76      0.37      0.93      0.049    -0.72      0.25      0.64    
  -0.71     -0.12      0.69     -0.19      0.98     -0.025    -0.68     -0.15     -0.72    
  -0.11     -0.63      0.77      0.99      0.011     0.15     -0.11      0.78      0.62    
  -0.12     -0.93      0.34      0.98     -0.058     0.18     -0.15      0.36      0.92    
  -0.018    -0.12      0.99     -0.15      0.98      0.12     -0.99     -0.15     -0.036   
  -0.17     -0.12      0.98     -0.17      0.98      0.091    -0.97     -0.15     -0.18    
  -0.34     -0.12      0.93     -0.18      0.98      0.06     -0.92     -0.15     -0.35    
  -0.72     -0.12      0.68     -0.19      0.98     -0.029    -0.66     -0.15     -0.73    
   0.88      0.12      0.47      0.17     -0.98     -0.075     0.45      0.15     -0.88    
   0.92      0.38      0.12      0.052     0.18     -0.98     -0.39      0.91      0.15    
  -0.13      0.73      0.67      0.99      0.14      0.033    -0.072     0.67     -0.74    
   0.67      0.73      0.089    -0.03      0.15     -0.99     -0.74      0.66      0.12    
  -0.38     -0.55      0.74      0.92     -0.29      0.25      0.078     0.78      0.62    
  -0.72     -0.089     0.69     -0.15      0.99     -0.026    -0.68     -0.12     -0.72    
  -0.094    -0.63      0.77      0.98      0.069     0.18     -0.17      0.77      0.61    
  -0.089    -0.93      0.35      0.99     -0.04      0.15     -0.12      0.36      0.93    
  -0.021    -0.089     1        -0.12      0.99      0.086    -0.99     -0.12     -0.032   
  -0.17     -0.089     0.98     -0.14      0.99      0.066    -0.98     -0.12     -0.18    
  -0.34     -0.089     0.94     -0.14      0.99      0.041    -0.93     -0.12     -0.35    
  -0.73     -0.089     0.68     -0.15      0.99     -0.029    -0.67     -0.12     -0.73    
   0.88      0.089     0.47      0.13     -0.99     -0.065     0.46      0.12     -0.88    
   0.92      0.38      0.089     0.035     0.15     -0.99     -0.39      0.91      0.12    
  -0.17      0.73      0.66      0.98      0.19      0.035    -0.1       0.66     -0.75    
   0.67      0.73      0.12     -0.03      0.19     -0.98     -0.74      0.66      0.15    
   0.59     -0.27      0.76      0.37      0.93      0.049    -0.72      0.25      0.64    
  -0.71     -0.12      0.69     -0.19      0.98     -0.025    -0.68     -0.15     -0.72    
  -0.11     -0.63      0.77      0.99      0.011     0.15     -0.1       0.78      0.62    
  -0.12     -0.93      0.34      0.98     -0.058     0.18     -0.15      0.36      0.92    
  -0.018    -0.12      0.99     -0.15      0.98      0.11     -0.99     -0.15     -0.036   
  -0.17     -0.12      0.98     -0.17      0.98      0.091    -0.97     -0.15     -0.18    
  -0.34     -0.12      0.93     -0.18      0.98      0.06     -0.92     -0.15     -0.35    
  -0.72     -0.12      0.68     -0.19      0.98     -0.029    -0.66     -0.15     -0.73    
   0.88      0.12      0.47      0.17     -0.98     -0.075     0.45      0.15     -0.88    
   0.92      0.38      0.12      0.052     0.18     -0.98     -0.39      0.91      0.15    
  -0.045     0.73      0.68      0.98      0.15     -0.094    -0.17      0.66     -0.73    
   0.67      0.73      0.089    -0.03      0.15     -0.99     -0.74      0.66      0.12    
  -0.38     -0.55      0.74      0.92     -0.29      0.25      0.078     0.78      0.62    
  -0.72     -0.089     0.69     -0.15      0.99     -0.026    -0.68     -0.12     -0.72    
  -0.094    -0.63      0.77      0.98      0.069     0.18     -0.17      0.77      0.61    
  -0.089    -0.93      0.35      0.99     -0.04      0.15     -0.12      0.36      0.93    
  -0.021    -0.089     1        -0.12      0.99      0.086    -0.99     -0.12     -0.032   
  -0.17     -0.089     0.98     -0.14      0.99      0.066    -0.98     -0.12     -0.18    
  -0.34     -0.089     0.94     -0.14      0.99      0.041    -0.93     -0.12     -0.35    
  -0.73     -0.089     0.68     -0.15      0.99     -0.029    -0.67     -0.12     -0.73    
   0.88      0.089     0.47      0.13     -0.99     -0.065     0.46      0.12     -0.88    
   0.92      0.38      0.089     0.035     0.15     -0.99     -0.39      0.91      0.12    
   0.68      0.11      0.73      0.17     -0.98     -0.017     0.71      0.14     -0.69    
   0.67     -0.11      0.73     -0.03      0.98      0.17     -0.74     -0.14      0.66    
   0.73     -0.67      0.11      0.17      0.03     -0.98      0.66      0.74      0.14    
   0.73      0.071     0.68      0.17     -0.98     -0.084     0.66      0.18     -0.73    
   0.67      0.73      0.11     -0.03      0.17     -0.98     -0.74      0.66      0.14    
  -0.73     -0.11      0.67     -0.17      0.98     -0.03     -0.66     -0.14     -0.74    
   0.67      0.73      0.11     -0.03      0.17     -0.98     -0.74      0.66      0.14    
  -0.15      0.53      0.84      0.97      0.23      0.026    -0.18      0.82     -0.55    
  -0.72     -0.11      0.69     -0.17      0.98     -0.027    -0.67     -0.14     -0.72    
  -0.72     -0.69     -0.11     -0.17      0.027     0.98     -0.67      0.72     -0.14    
   0.079     0.78      0.62      0.9       0.21     -0.38     -0.42      0.59     -0.68    
   0.69     -0.11      0.71     -0.026     0.98      0.17     -0.72     -0.14      0.68    
   0.98      0.11      0.14      0.13     -0.98     -0.12      0.12      0.14     -0.98    
   0.69      0.7      -0.19     -0.043    -0.22     -0.98     -0.72      0.68     -0.12    
  -0.71     -0.11      0.69     -0.17      0.98     -0.026    -0.68     -0.14     -0.72    
   0.85      0.17      0.49      0.23     -0.97     -0.06      0.47      0.17     -0.87    
   0.35     -0.93      0.11      0.17     -0.051    -0.98      0.92      0.36      0.14    
   0.061    -0.99      0.11      0.15     -0.098    -0.98      0.99      0.076     0.14    
   0.48     -0.87      0.11      0.17     -0.027    -0.98      0.86      0.49      0.14    
   0.79     -0.6       0.11      0.17      0.047    -0.98      0.59      0.8       0.14    
   0.69      0.71      0.11     -0.026     0.17     -0.98     -0.72      0.68      0.14    
  -0.11      0.71      0.69      0.98      0.17     -0.026    -0.14      0.68     -0.72    
   0.69     -0.11      0.71     -0.026     0.98      0.17     -0.72     -0.14      0.68    
   0.69     -0.11      0.71     -0.026     0.98      0.17     -0.72     -0.14      0.68    
   0.69      0.1       0.72      0.17     -0.98     -0.027     0.7       0.14     -0.7     
   0.99     -0.13      0.11      0.12      0.12     -0.98      0.11      0.98      0.14    
   0.89      0.44      0.11      0.034     0.17     -0.98     -0.45      0.88      0.14    
   0.69      0.72      0.11     -0.027     0.17     -0.98     -0.73      0.67      0.14    
  -0.11      0.25      0.96      0.98      0.16      0.068    -0.14      0.95     -0.26    
  -0.11      0.25      0.96      0.98      0.16      0.068    -0.14      0.95     -0.26    
   0.69     -0.11      0.71     -0.026     0.98      0.17     -0.72     -0.14      0.68    
   0.69     -0.11      0.71     -0.026     0.98      0.17     -0.72     -0.14      0.68    

SITE_XPOS
   0.047    -0.013    -3.8e+03 

SITE_XMAT
   0.67     -0.11      0.73     -0.03      0.98      0.17     -0.74     -0.14      0.66    

SUBTREE_COM
   0.0074    0.0016   -3.8e+03 
   0.0074    0.0016   -3.8e+03 
   0.17      0.1      -3.8e+03 
   0.14      0.13     -3.8e+03 
  -0.1       0.081    -3.8e+03 
   0.19     -0.14     -3.8e+03 
   0.18     -0.18     -3.8e+03 
  -0.064    -0.28     -3.8e+03 
  -0.27      0.12     -3.8e+03 
  -0.3       0.15     -3.8e+03 
  -0.55      0.1      -3.8e+03 
  -0.24     -0.12     -3.8e+03 
  -0.27     -0.16     -3.8e+03 
  -0.51     -0.26     -3.8e+03 
   0.16      0.037    -3.8e+03 
   0.16      0.039    -3.8e+03 
   0.15      0.041    -3.8e+03 
   0.17      0.043    -3.8e+03 
   0.23      0.045    -3.8e+03 
   0.26      0.043    -3.8e+03 
   0.28      0.043    -3.8e+03 
   0.31      0.045    -3.8e+03 

CDOF
   0         0         0         1         0         0       
   0         0         0         0         1         0       
   0         0         0         0         0         1       
   0.67     -0.03     -0.74      0.00052   0.012    -5.5e-06 
  -0.11      0.98     -0.14     -0.016    -0.0017    0.00062 
   0.73      0.17      0.66     -0.0029    0.012     0.00012 
   0.67     -0.03     -0.74     -0.052    -0.00073  -0.048   
  -0.12      0.98     -0.15      0.22      0.06      0.22    
  -0.12      0.98     -0.15      0.46      0.051    -0.035   
   0.67     -0.03     -0.74      0.053     0.024     0.048   
  -0.089     0.99     -0.12      0.22      0.047     0.22    
  -0.089     0.99     -0.12      0.47      0.038    -0.032   
   0.67     -0.03     -0.74     -0.052    -0.00073  -0.048   
  -0.12      0.98     -0.15     -0.26     -0.064    -0.21    
  -0.12      0.98     -0.15     -0.014    -0.072    -0.47    
   0.67     -0.03     -0.74      0.053     0.024     0.048   
  -0.089     0.99     -0.12     -0.26     -0.05     -0.22    
  -0.089     0.99     -0.12     -0.016    -0.059    -0.47    
   0.73      0.17      0.66      0.0057   -0.067     0.011   
  -0.11      0.98     -0.14     -0.082     0.018     0.19    
  -0.11      0.98     -0.14     -0.34     -0.043    -0.042   
  -0.11      0.98     -0.14     -0.22     -0.0035    0.15    
   0.71      0.17      0.68     -0.00045  -0.011     0.0033  
   0.69     -0.026    -0.72     -0.026     0.25     -0.034   
  -0.11      0.98     -0.14     -0.064     0.035     0.29    

CINERT
   0         0         0         0         0         0         0         0         0         0       
   0.99      1.7       1.1       0.021     0.69     -0.0078    0.8       0.2       0.26      36      
   0.17      0.3       0.15     -0.033     0.15      0.036     0.63      0.15     -0.68      2.9     
   0.5       0.57      0.25     -0.11      0.19      0.18      0.77      0.65     -1.4       4.8     
   0.25      0.25      0.013     0.0035   -0.044     0.025    -0.058     0.042    -0.35      0.53    
   0.15      0.28      0.16      0.046     0.14     -0.044     0.66     -0.21     -0.62      2.9     
   0.45      0.51      0.37      0.15      0.2      -0.21      0.93     -0.84     -1.1       4.8     
   0.25      0.22      0.046    -0.011    -0.029    -0.092    -0.038    -0.15     -0.32      0.53    
   0.19      0.33      0.16      0.046     0.16     -0.051    -0.65      0.21      0.72      2.9     
   0.35      0.65      0.54      0.21      0.25     -0.15     -1.4       0.75      0.98      4.8     
   0.036     0.19      0.17      0.028    -0.056     0.0064   -0.29      0.053    -0.092     0.53    
   0.22      0.34      0.14     -0.033     0.17      0.041    -0.62     -0.15      0.78      2.9     
   0.44      0.65      0.45     -0.2       0.27      0.17     -1.2      -0.74      1.2       4.8     
   0.058     0.16      0.18     -0.071    -0.039    -0.019    -0.27     -0.14     -0.065     0.53    
   0.00098   0.0087    0.0084   -0.00094  -0.0017   -0.0002    0.061     0.0074    0.014     0.47    
   0.0043    0.024     0.022    -0.0029   -0.0077   -0.0011    0.12      0.017     0.043     0.67    
   0.046     0.071     0.029    -0.0039   -0.01     -0.0077    0.14      0.042     0.19      1.2     
   0.072     0.08      0.01     -0.0018   -0.0083   -0.0089    0.043     0.032     0.24      0.84    
   0.021     0.037     0.019    -0.0044   -0.018    -0.0049    0.097     0.026     0.1       0.56    
   0.0098    0.028     0.02     -0.0036   -0.012    -0.0025    0.085     0.017     0.058     0.39    
   0.0043    0.021     0.018    -0.0028   -0.0079   -0.0013    0.07      0.011     0.033     0.29    
   0.0015    0.027     0.027    -0.0036   -0.0043   -0.00062   0.085     0.012     0.014     0.28    

ACTUATOR_LENGTH
  -0.015   
  -0.026   
   0.026   
  -0.026   
  -0.015   
  -0.026   
   0.026   
  -0.026   
  -0.41    
  -0.41    
  -0.41    
  -0.41    
  -9.5e-05 
  -0.0003  
  -0.02    
  -0.0041  
  -6.9e-07 
  -1.9e-06 

actuator_moment
---------------------------
       x                   |
        x                  |
          x                |
           x               |
             x             |
              x            |
                x          |
                 x         |
         x                 |
            x              |
               x           |
                  x        |
                   x       |
                    x      |
                     x     |
                      x    |
                       x   |
                        x  |
---------------------------

ACTUATOR_MOMENT
     6:  1       
     7:  1       
     9:  1       
    10:  1       
    12:  1       
    13:  1       
    15:  1       
    16:  1       
     8:  1       
    11:  1       
    14:  1       
    17:  1       
    18:  1       
    19:  1       
    20:  1       
    21:  1       
    22:  1       
    23:  1       

CRB
   0         0         0         0         0         0         0         0         0         0       
   4.2       6.4       3.9       0.029     2        -0.14      8.9e-16  -2.2e-16  -3.1e-11   74      
   0.92      1.1       0.41     -0.14      0.29      0.24      1.3       0.85     -2.4       8.3     
   0.75      0.82      0.27     -0.1       0.15      0.21      0.72      0.69     -1.7       5.3     
   0.25      0.25      0.013     0.0035   -0.044     0.025    -0.058     0.042    -0.35      0.53    
   0.85      1         0.58      0.18      0.31     -0.34      1.6      -1.2      -2.1       8.3     
   0.7       0.73      0.42      0.14      0.17     -0.3       0.9      -0.98     -1.5       5.3     
   0.25      0.22      0.046    -0.011    -0.029    -0.092    -0.038    -0.15     -0.32      0.53    
   0.58      1.2       0.87      0.28      0.35     -0.2      -2.3       1         1.6       8.3     
   0.38      0.84      0.71      0.24      0.19     -0.15     -1.6       0.8       0.89      5.3     
   0.036     0.19      0.17      0.028    -0.056     0.0064   -0.29      0.053    -0.092     0.53    
   0.72      1.2       0.78     -0.3       0.4       0.19     -2.1      -1         1.9       8.3     
   0.5       0.81      0.63     -0.27      0.23      0.15     -1.5      -0.88      1.1       5.3     
   0.058     0.16      0.18     -0.071    -0.039    -0.019    -0.27     -0.14     -0.065     0.53    
   0.16      0.3       0.15     -0.024    -0.07     -0.027     0.69      0.16      0.7       4.7     
   0.16      0.29      0.14     -0.023    -0.069    -0.027     0.63      0.16      0.68      4.2     
   0.15      0.26      0.12     -0.02     -0.061    -0.026     0.52      0.14      0.64      3.5     
   0.11      0.19      0.093    -0.016    -0.051    -0.018     0.38      0.098     0.45      2.4     
   0.037     0.11      0.082    -0.014    -0.042    -0.0093    0.34      0.066     0.21      1.5     
   0.016     0.075     0.064    -0.01     -0.025    -0.0044    0.24      0.04      0.1       0.95    
   0.0058    0.048     0.044    -0.0064   -0.012    -0.0019    0.15      0.023     0.047     0.56    
   0.0015    0.027     0.027    -0.0036   -0.0043   -0.00062   0.085     0.012     0.014     0.28    

QM
   74      
   0         74      
   0         0         74      
   0.038     0.86     -0.0004    2.2     
  -1.2      -0.13      0.045    -0.0046    6.6     
  -0.21      0.87      0.0091   -0.017     0.0015    6.1     
   0.27      0.61      0.22      0.31     -0.15      0.21      0.29    
  -0.38      0.011     0.38     -0.0053    0.25      0.098    -0.0033    0.25    
  -0.09     -0.0058    0.034    -0.0085    0.079     0.015    -0.0053    0.064     0.061   
  -0.38      0.46     -0.36      0.31      0.15      0.21                                    0.29    
  -0.38      0.012     0.38      0.0053    0.25     -0.096                                   0.0033    0.25    
  -0.09     -0.004     0.033     0.0085    0.079    -0.014                                   0.0053    0.064     0.061   
   0.26      0.61      0.22      0.31      0.14     -0.15                                                                  0.29    
  -0.38      0.011     0.38     -0.0053    0.23      0.099                                                                -0.0033    0.25    
  -0.09     -0.0058    0.034    -0.0085    0.05      0.016                                                                -0.0053    0.064     0.061   
  -0.38      0.46     -0.36      0.31     -0.14     -0.15                                                                                                0.29    
  -0.38      0.012     0.38      0.0053    0.23     -0.096                                                                                               0.0033    0.25    
  -0.09     -0.004     0.033     0.0085    0.05     -0.015                                                                                               0.0053    0.064     0.061   
   0.039    -0.36      0.052     0.075    -0.00035   0.079                                                                                                                             0.63    
   0.36      0.06      0.15     -9.3e-05   0.11     -7.1e-05                                                                                                                          -7e-05     0.64    
  -0.34     -0.11     -0.48     -0.00061   0.065    -6.4e-05                                                                                                                          -6.3e-05  -0.0063    0.72    
  -0.12     -0.03     -0.12     -0.00029   0.02     -1.2e-05                                                                                                                          -1.2e-05   0.0057    0.065     0.55    
  -0.0093    0.077    -0.0099   -0.02     -0.00031   0.012                                                                                                                             0.0053   -8.4e-05  -7.4e-05  -2.5e-06   0.53    
   0.00097  -0.00041   0.00095   0.00053  -0.00022  -0.00016                                                                                                                          -0.00011  -0.00011  -0.00056  -0.00028  -0.00016   0.52    
  -0.0019   -0.00066  -0.0032   -4.1e-07   0.0012   -2.4e-06                                                                                                                          -2.4e-06   0.00071   0.002     0.0011   -2.4e-06  -5.6e-07   0.1     

M
     0:  74      
     0:  0          1:  74      
     0:  0          1:  0          2:  74      
     0:  0.038      1:  0.86       2: -0.0004     3:  2.2     
     0: -1.2        1: -0.13       2:  0.045      3: -0.0046     4:  6.6     
     0: -0.21       1:  0.87       2:  0.0091     3: -0.017      4:  0.0015     5:  6.1     
     0:  0.27       1:  0.61       2:  0.22       3:  0.31       4: -0.15       5:  0.21       6:  0.29    
     0: -0.38       1:  0.011      2:  0.38       3: -0.0053     4:  0.25       5:  0.098      6: -0.0033     7:  0.25    
     0: -0.09       1: -0.0058     2:  0.034      3: -0.0085     4:  0.079      5:  0.015      6: -0.0053     7:  0.064      8:  0.061   
     0: -0.38       1:  0.46       2: -0.36       3:  0.31       4:  0.15       5:  0.21       9:  0.29    
     0: -0.38       1:  0.012      2:  0.38       3:  0.0053     4:  0.25       5: -0.096      9:  0.0033    10:  0.25    
     0: -0.09       1: -0.004      2:  0.033      3:  0.0085     4:  0.079      5: -0.014      9:  0.0053    10:  0.064     11:  0.061   
     0:  0.26       1:  0.61       2:  0.22       3:  0.31       4:  0.14       5: -0.15      12:  0.29    
     0: -0.38       1:  0.011      2:  0.38       3: -0.0053     4:  0.23       5:  0.099     12: -0.0033    13:  0.25    
     0: -0.09       1: -0.0058     2:  0.034      3: -0.0085     4:  0.05       5:  0.016     12: -0.0053    13:  0.064     14:  0.061   
     0: -0.38       1:  0.46       2: -0.36       3:  0.31       4: -0.14       5: -0.15      15:  0.29    
     0: -0.38       1:  0.012      2:  0.38       3:  0.0053     4:  0.23       5: -0.096     15:  0.0033    16:  0.25    
     0: -0.09       1: -0.004      2:  0.033      3:  0.0085     4:  0.05       5: -0.015     15:  0.0053    16:  0.064     17:  0.061   
     0:  0.039      1: -0.36       2:  0.052      3:  0.075      4: -0.00035    5:  0.079     18:  0.63    
     0:  0.36       1:  0.06       2:  0.15       3: -9.3e-05    4:  0.11       5: -7.1e-05   18: -7e-05     19:  0.64    
     0: -0.34       1: -0.11       2: -0.48       3: -0.00061    4:  0.065      5: -6.4e-05   18: -6.3e-05   19: -0.0063    20:  0.72    
     0: -0.12       1: -0.03       2: -0.12       3: -0.00029    4:  0.02       5: -1.2e-05   18: -1.2e-05   19:  0.0057    20:  0.065     21:  0.55    
     0: -0.0093     1:  0.077      2: -0.0099     3: -0.02       4: -0.00031    5:  0.012     18:  0.0053    19: -8.4e-05   20: -7.4e-05   21: -2.5e-06   22:  0.53    
     0:  0.00097    1: -0.00041    2:  0.00095    3:  0.00053    4: -0.00022    5: -0.00016   18: -0.00011   19: -0.00011   20: -0.00056   21: -0.00028   22: -0.00016   23:  0.52    
     0: -0.0019     1: -0.00066    2: -0.0032     3: -4.1e-07    4:  0.0012     5: -2.4e-06   18: -2.4e-06   19:  0.00071   20:  0.002     21:  0.0011    22: -2.4e-06   23: -5.6e-07   24:  0.1     

QLD
     0:  70      
     0:  0.0083     1:  67      
     0:  0.0095     1:  0.0075     2:  69      
     0:  0.31       1: -1.6        2:  0.35       3:  0.86    
     0:  0.039      1: -0.031      2: -0.26       3: -0.00033    4:  5.3     
     0: -0.035      1:  0.13       2:  0.004      3: -0.027      4: -0.00031    5:  5.5     
     0:  0.91       1:  2.1        2:  0.75       3:  1.1        4: -0.5        5:  0.71       6:  0.29    
     0: -1.6        1:  0.094      2:  1.9        3:  0.021      4:  0.9        5:  0.46       6:  0.013      7:  0.18    
     0: -1.5        1: -0.095      2:  0.56       3: -0.14       4:  1.3        5:  0.25       6: -0.087      7:  1.1        8:  0.061   
     0: -1.3        1:  1.6        2: -1.3        3:  1.1        4:  0.49       5:  0.72       9:  0.29    
     0: -1.6        1:  0.09       2:  1.9        3: -0.021      4:  0.91       5: -0.45       9: -0.013     10:  0.18    
     0: -1.5        1: -0.066      2:  0.55       3:  0.14       4:  1.3        5: -0.24       9:  0.087     10:  1.1       11:  0.061   
     0:  0.9        1:  2.1        2:  0.75       3:  1.1        4:  0.5        5: -0.52      12:  0.29    
     0: -1.6        1:  0.094      2:  1.9        3:  0.021      4:  0.97       5:  0.46      12:  0.013     13:  0.18    
     0: -1.5        1: -0.095      2:  0.56       3: -0.14       4:  0.83       5:  0.26      12: -0.087     13:  1.1       14:  0.061   
     0: -1.3        1:  1.6        2: -1.3        3:  1.1        4: -0.5        5: -0.52      15:  0.29    
     0: -1.6        1:  0.09       2:  1.9        3: -0.021      4:  0.98       5: -0.45      15: -0.013     16:  0.18    
     0: -1.5        1: -0.066      2:  0.55       3:  0.14       4:  0.83       5: -0.25      15:  0.087     16:  1.1       17:  0.061   
     0:  0.062      1: -0.58       2:  0.083      3:  0.12       4: -0.00052    5:  0.13      18:  0.63    
     0:  0.56       1:  0.093      2:  0.22       3: -0.00016    4:  0.17       5: -0.00011   18: -0.00011   19:  0.64    
     0: -0.46       1: -0.14       2: -0.66       3: -0.00082    4:  0.087      5: -8.6e-05   18: -8.6e-05   19: -0.0098    20:  0.71    
     0: -0.22       1: -0.054      2: -0.21       3: -0.00053    4:  0.037      5: -2.2e-05   18: -2.2e-05   19:  0.01      20:  0.12      21:  0.55    
     0: -0.018      1:  0.15       2: -0.019      3: -0.037      4: -0.00059    5:  0.022     18:  0.01      19: -0.00016   20: -0.00014   21: -4.8e-06   22:  0.53    
     0:  0.0019     1: -0.00078    2:  0.0018     3:  0.001      4: -0.00042    5: -0.00031   18: -0.00021   19: -0.00022   20: -0.0011    21: -0.00054   22: -0.0003    23:  0.52    
     0: -0.019      1: -0.0066     2: -0.032      3: -4.1e-06    4:  0.012      5: -2.4e-05   18: -2.4e-05   19:  0.007     20:  0.02      21:  0.011     22: -2.4e-05   23: -5.6e-06   24:  0.1     

QLDIAGINV
   0.014   
   0.015   
   0.014   
   1.2     
   0.19    
   0.18    
   3.5     
   5.6     
   16      
   3.5     
   5.6     
   16      
   3.5     
   5.6     
   16      
   3.5     
   5.6     
   16      
   1.6     
   1.6     
   1.4     
   1.8     
   1.9     
   1.9     
   10      

M: inertia structure
---------------------------
 x                         |
 xx                        |
 xxx                       |
 xxxx                      |
 xxxxx                     |
 xxxxxx                    |
 xxxxxxx                   |
 xxxxxxxx                  |
 xxxxxxxxx                 |
 xxxxxx   x                |
 xxxxxx   xx               |
 xxxxxx   xxx              |
 xxxxxx      x             |
 xxxxxx      xx            |
 xxxxxx      xxx           |
 xxxxxx         x          |
 xxxxxx         xx         |
 xxxxxx         xxx        |
 xxxxxx            x       |
 xxxxxx            xx      |
 xxxxxx            xxx     |
 xxxxxx            xxxx    |
 xxxxxx            xxxxx   |
 xxxxxx            xxxxxx  |
 xxxxxx            xxxxxxx |
---------------------------

iM: block-diagonal inertia (nnzs are island ids)
---------------------------
 0                         |
 00                        |
 000                       |
 0000                      |
 00000                     |
 000000                    |
 0000000                   |
 00000000                  |
 000000000                 |
 000000   0                |
 000000   00               |
 000000   000              |
 000000      0             |
 000000      00            |
 000000      000           |
 000000         0          |
 000000         00         |
 000000         000        |
 000000            0       |
 000000            00      |
 000000            000     |
 000000            0000    |
 000000            00000   |
 000000            000000  |
 000000            0000000 |
---------------------------

QH
     0:  70      
     0:  0.0081     1:  67      
     0:  0.0092     1:  0.0073     2:  69      
     0:  0.31       1: -1.5        2:  0.35       3:  0.87    
     0:  0.037      1: -0.031      2: -0.25       3: -0.00033    4:  5.3     
     0: -0.035      1:  0.13       2:  0.004      3: -0.026      4: -0.0003     5:  5.5     
     0:  0.9        1:  2.1        2:  0.75       3:  1.1        4: -0.5        5:  0.71       6:  0.29    
     0: -1.6        1:  0.091      2:  1.9        3:  0.019      4:  0.9        5:  0.45       6:  0.012      7:  0.18    
     0: -1.4        1: -0.092      2:  0.54       3: -0.14       4:  1.3        5:  0.24       6: -0.085      7:  1          8:  0.063   
     0: -1.3        1:  1.6        2: -1.2        3:  1.1        4:  0.49       5:  0.72       9:  0.29    
     0: -1.6        1:  0.087      2:  1.9        3: -0.019      4:  0.9        5: -0.44       9: -0.012     10:  0.18    
     0: -1.4        1: -0.064      2:  0.53       3:  0.14       4:  1.3        5: -0.23       9:  0.085     10:  1         11:  0.063   
     0:  0.9        1:  2.1        2:  0.74       3:  1.1        4:  0.5        5: -0.51      12:  0.29    
     0: -1.6        1:  0.091      2:  1.9        3:  0.019      4:  0.96       5:  0.45      12:  0.012     13:  0.18    
     0: -1.4        1: -0.092      2:  0.54       3: -0.14       4:  0.8        5:  0.25      12: -0.085     13:  1         14:  0.063   
     0: -1.3        1:  1.6        2: -1.3        3:  1.1        4: -0.49       5: -0.52      15:  0.29    
     0: -1.6        1:  0.087      2:  1.9        3: -0.019      4:  0.96       5: -0.44      15: -0.012     16:  0.18    
     0: -1.4        1: -0.064      2:  0.53       3:  0.14       4:  0.8        5: -0.24      15:  0.085     16:  1         17:  0.063   
     0:  0.062      1: -0.58       2:  0.083      3:  0.12       4: -0.00052    5:  0.13      18:  0.63    
     0:  0.56       1:  0.093      2:  0.22       3: -0.00015    4:  0.17       5: -0.00011   18: -0.00011   19:  0.64    
     0: -0.46       1: -0.14       2: -0.66       3: -0.00082    4:  0.087      5: -8.6e-05   18: -8.6e-05   19: -0.0098    20:  0.71    
     0: -0.22       1: -0.054      2: -0.21       3: -0.00052    4:  0.037      5: -2.2e-05   18: -2.2e-05   19:  0.01      20:  0.12      21:  0.55    
     0: -0.017      1:  0.14       2: -0.019      3: -0.037      4: -0.00059    5:  0.022     18:  0.01      19: -0.00016   20: -0.00014   21: -4.8e-06   22:  0.53    
     0:  0.0019     1: -0.00078    2:  0.0018     3:  0.001      4: -0.00042    5: -0.0003    18: -0.00021   19: -0.00022   20: -0.0011    21: -0.00054   22: -0.0003    23:  0.52    
     0: -0.018      1: -0.0065     2: -0.032      3: -4e-06      4:  0.012      5: -2.4e-05   18: -2.4e-05   19:  0.0069    20:  0.019     21:  0.011     22: -2.3e-05   23: -5.5e-06   24:  0.1     

QHDIAGINV
   0.014   
   0.015   
   0.014   
   1.1     
   0.19    
   0.18    
   3.4     
   5.4     
   16      
   3.5     
   5.4     
   16      
   3.5     
   5.4     
   16      
   3.4     
   5.4     
   16      
   1.6     
   1.6     
   1.4     
   1.8     
   1.9     
   1.9     
   9.8     

TREE_AWAKE
  1

BODY_AWAKE
  -1 1 1 1 1 1 1 1 1 1 1 1 1 1 1 1 1 1 1 1 1 1

BODY_AWAKE_IND
  0 1 2 3 4 5 6 7 8 9 10 11 12 13 14 15 16 17 18 19 20 21

PARENT_AWAKE_IND
  1 2 3 4 5 6 7 8 9 10 11 12 13 14 15 16 17 18 19 20 21

DOF_AWAKE_IND
  0 1 2 3 4 5 6 7 8 9 10 11 12 13 14 15 16 17 18 19 20 21 22 23 24

CONTACT
  0:
     dim           3
     geoms         5 : 79
     exclude       0
     efc_address   6
     solref         0.02      1       
     solimp         0.9       0.95      0.001     0.5       2       
     dist          -0.00029 
     includemargin  0       
     pos            0.36      0.033    -3.8e+03 
     frame         -0.67      0.03      0.74      0.02      1        -0.022    -0.74     -1.7e-18  -0.67    
     friction       1         1         0.005     0.0001    0.0001  
     mu             1       
     force          58       -0.00043   0.0019    0         0         0       
  1:
     dim           3
     geoms         5 : 85
     exclude       0
     efc_address   10
     solref         0.02      1       
     solimp         0.9       0.95      0.001     0.5       2       
     dist          -0.00012 
     includemargin  0       
     pos            0.36      0.034    -3.8e+03 
     frame         -0.67      0.024     0.74      0.016     1        -0.018    -0.74      0        -0.67    
     friction       1         1         0.005     0.0001    0.0001  
     mu             1       
     force          22       -0.00039   0.0018    0         0         0       
  2:
     dim           3
     geoms         5 : 86
     exclude       0
     efc_address   14
     solref         0.02      1       
     solimp         0.9       0.95      0.001     0.5       2       
     dist          -0.00012 
     includemargin  0       
     pos            0.36      0.034    -3.8e+03 
     frame         -0.67      0.03      0.74      0.02      1        -0.022    -0.74      0        -0.67    
     friction       1         1         0.005     0.0001    0.0001  
     mu             1       
     force          21       -0.0004    0.0018    0         0         0       
  3:
     dim           3
     geoms         67 : 77
     exclude       0
     efc_address   18
     solref         0.02      1       
     solimp         0.9       0.95      0.001     0.5       2       
     dist          -0.0004  
     includemargin  0       
     pos            0.22      0.037    -3.8e+03 
     frame          0.71      0.17      0.68     -0.13      0.98     -0.12     -0.69      0         0.73    
     friction       1         1         0.005     0.0001    0.0001  
     mu             1       
     force          76       -3.7e-05   0.00022   0         0         0       

EFC_TYPE
  3
  3
  3
  3
  3
  3
  6
  6
  6
  6
  6
  6
  6
  6
  6
  6
  6
  6
  6
  6
  6
  6

EFC_ID
  3
  6
  9
  12
  14
  19
  0
  0
  0
  0
  1
  1
  1
  1
  2
  2
  2
  2
  3
  3
  3
  3

EFC_J
   0         0         0         0         0         0         0         0        -1         0         0         0         0         0         0         0         0         0         0         0         0         0         0         0         0       
   0         0         0         0         0         0         0         0         0         0         0        -1         0         0         0         0         0         0         0         0         0         0         0         0         0       
   0         0         0         0         0         0         0         0         0         0         0         0         0         0        -1         0         0         0         0         0         0         0         0         0         0       
   0         0         0         0         0         0         0         0         0         0         0         0         0         0         0         0         0        -1         0         0         0         0         0         0         0       
   0         0         0         0         0         0         0         0         0         0         0         0         0         0         0         0         0         0         0         1         0         0         0         0         0       
   0         0         0         0         0         0         0         0         0         0         0         0         0         0         0         0         0         0         0         0         0         0         0         0        -1       
   0         0         0         0         0         0         0         0         0         0         0         0         0         0         0         0         0         0         0.18     -0.078    -0.14     -0.04      0.25      0.023     0       
   0         0         0         0         0         0         0         0         0         0         0         0         0         0         0         0         0         0        -0.18     -0.013     0.047     0.071    -0.25     -0.023     0       
   0         0         0         0         0         0         0         0         0         0         0         0         0         0         0         0         0         0         0.032     0.14      0.48      0.33      0.043     0.0041    0       
   0         0         0         0         0         0         0         0         0         0         0         0         0         0         0         0         0         0        -0.032    -0.23     -0.57     -0.3      -0.043    -0.0041    0       
   0         0         0         0         0         0         0         0         0         0         0         0         0         0         0         0         0         0         0.18     -0.085    -0.15     -0.047     0.24      0.016     0       
   0         0         0         0         0         0         0         0         0         0         0         0         0         0         0         0         0         0        -0.18     -0.02      0.04      0.064    -0.25     -0.016     0       
   0         0         0         0         0         0         0         0         0         0         0         0         0         0         0         0         0         0         0.031     0.13      0.48      0.32      0.042     0.0028    0       
   0         0         0         0         0         0         0         0         0         0         0         0         0         0         0         0         0         0        -0.033    -0.24     -0.58     -0.31     -0.045    -0.003     0       
   0         0         0         0         0         0         0         0         0         0         0         0         0         0         0         0         0         0         0.18     -0.085    -0.15     -0.047     0.25      0.016     0       
   0         0         0         0         0         0         0         0         0         0         0         0         0         0         0         0         0         0        -0.18     -0.02      0.04      0.064    -0.25     -0.016     0       
   0         0         0         0         0         0         0         0         0         0         0         0         0         0         0         0         0         0         0.032     0.13      0.48      0.32      0.043     0.0028    0       
   0         0         0         0         0         0         0         0         0         0         0         0         0         0         0         0         0         0        -0.032    -0.24     -0.58     -0.31     -0.043    -0.0028    0       
   0         0         0         0         0         0         0         0         0         0         0         0         0         0         0         0         0         0         0         0        -0.35     -0.13      0.062     0.032     0       
   0         0         0         0         0         0         0         0         0         0         0         0         0         0         0         0         0         0         0         0        -0.35     -0.13     -0.062    -0.032     0       
   0         0         0         0         0         0         0         0         0         0         0         0         0         0         0         0         0         0         0         0        -0.37     -0.099    -0.0016   -0.00083   0       
   0         0         0         0         0         0         0         0         0         0         0         0         0         0         0         0         0         0         0         0        -0.33     -0.16      0.0016    0.00087   0       

IEFC_J
   0         0         0         0         0         0         0         0        -1         0         0         0         0         0         0         0         0         0         0         0         0         0         0         0         0       
   0         0         0         0         0         0         0         0         0         0         0        -1         0         0         0         0         0         0         0         0         0         0         0         0         0       
   0         0         0         0         0         0         0         0         0         0         0         0         0         0        -1         0         0         0         0         0         0         0         0         0         0       
   0         0         0         0         0         0         0         0         0         0         0         0         0         0         0         0         0        -1         0         0         0         0         0         0         0       
   0         0         0         0         0         0         0         0         0         0         0         0         0         0         0         0         0         0         0         1         0         0         0         0         0       
   0         0         0         0         0         0         0         0         0         0         0         0         0         0         0         0         0         0         0         0         0         0         0         0        -1       
   0         0         0         0         0         0         0         0         0         0         0         0         0         0         0         0         0         0         0.18     -0.078    -0.14     -0.04      0.25      0.023     0       
   0         0         0         0         0         0         0         0         0         0         0         0         0         0         0         0         0         0        -0.18     -0.013     0.047     0.071    -0.25     -0.023     0       
   0         0         0         0         0         0         0         0         0         0         0         0         0         0         0         0         0         0         0.032     0.14      0.48      0.33      0.043     0.0041    0       
   0         0         0         0         0         0         0         0         0         0         0         0         0         0         0         0         0         0        -0.032    -0.23     -0.57     -0.3      -0.043    -0.0041    0       
   0         0         0         0         0         0         0         0         0         0         0         0         0         0         0         0         0         0         0.18     -0.085    -0.15     -0.047     0.24      0.016     0       
   0         0         0         0         0         0         0         0         0         0         0         0         0         0         0         0         0         0        -0.18     -0.02      0.04      0.064    -0.25     -0.016     0       
   0         0         0         0         0         0         0         0         0         0         0         0         0         0         0         0         0         0         0.031     0.13      0.48      0.32      0.042     0.0028    0       
   0         0         0         0         0         0         0         0         0         0         0         0         0         0         0         0         0         0        -0.033    -0.24     -0.58     -0.31     -0.045    -0.003     0       
   0         0         0         0         0         0         0         0         0         0         0         0         0         0         0         0         0         0         0.18     -0.085    -0.15     -0.047     0.25      0.016     0       
   0         0         0         0         0         0         0         0         0         0         0         0         0         0         0         0         0         0        -0.18     -0.02      0.04      0.064    -0.25     -0.016     0       
   0         0         0         0         0         0         0         0         0         0         0         0         0         0         0         0         0         0         0.032     0.13      0.48      0.32      0.043     0.0028    0       
   0         0         0         0         0         0         0         0         0         0         0         0         0         0         0         0         0         0        -0.032    -0.24     -0.58     -0.31     -0.043    -0.0028    0       
   0         0         0         0         0         0         0         0         0         0         0         0         0         0         0         0         0         0         0         0        -0.35     -0.13      0.062     0.032     0       
   0         0         0         0         0         0         0         0         0         0         0         0         0         0         0         0         0         0         0         0        -0.35     -0.13     -0.062    -0.032     0       
   0         0         0         0         0         0         0         0         0         0         0         0         0         0         0         0         0         0         0         0        -0.37     -0.099    -0.0016   -0.00083   0       
   0         0         0         0         0         0         0         0         0         0         0         0         0         0         0         0         0         0         0         0        -0.33     -0.16      0.0016    0.00087   0       

EFC_POS
  -0.02    
  -0.02    
  -0.02    
  -0.02    
  -0.0003  
  -4.7e-06 
  -0.00029 
  -0.00029 
  -0.00029 
  -0.00029 
  -0.00012 
  -0.00012 
  -0.00012 
  -0.00012 
  -0.00012 
  -0.00012 
  -0.00012 
  -0.00012 
  -0.0004  
  -0.0004  
  -0.0004  
  -0.0004  

EFC_MARGIN
   0       
   0       
   0       
   0       
   0       
   0       
   0       
   0       
   0       
   0       
   0       
   0       
   0       
   0       
   0       
   0       
   0       
   0       
   0       
   0       
   0       
   0       

EFC_FRICTIONLOSS
   0       
   0       
   0       
   0       
   0       
   0       
   0       
   0       
   0       
   0       
   0       
   0       
   0       
   0       
   0       
   0       
   0       
   0       
   0       
   0       
   0       
   0       

EFC_DIAGAPPROX
   24      
   24      
   24      
   24      
   1.6     
   10      
   0.49    
   0.49    
   0.49    
   0.49    
   0.49    
   0.49    
   0.49    
   0.49    
   0.49    
   0.49    
   0.49    
   0.49    
   0.58    
   0.58    
   0.58    
   0.58    

EFC_KBIP
   2.8e+03   1.1e+02   0.95      0       
   2.8e+03   1.1e+02   0.95      0       
   2.8e+03   1.1e+02   0.95      0       
   2.8e+03   1.1e+02   0.95      0       
   2.8e+03   1.1e+02   0.91     -60      
   2.8e+03   1.1e+02   0.9      -0.94    
   2.8e+03   1.1e+02   0.91     -57      
   2.8e+03   1.1e+02   0.91     -57      
   2.8e+03   1.1e+02   0.91     -57      
   2.8e+03   1.1e+02   0.91     -57      
   2.8e+03   1.1e+02   0.9      -23      
   2.8e+03   1.1e+02   0.9      -23      
   2.8e+03   1.1e+02   0.9      -23      
   2.8e+03   1.1e+02   0.9      -23      
   2.8e+03   1.1e+02   0.9      -23      
   2.8e+03   1.1e+02   0.9      -23      
   2.8e+03   1.1e+02   0.9      -23      
   2.8e+03   1.1e+02   0.9      -23      
   2.8e+03   1.1e+02   0.92     -80      
   2.8e+03   1.1e+02   0.92     -80      
   2.8e+03   1.1e+02   0.92     -80      
   2.8e+03   1.1e+02   0.92     -80      

EFC_D
   0.81    
   0.81    
   0.81    
   0.81    
   6.3     
   0.9     
   20      
   20      
   20      
   20      
   19      
   19      
   19      
   19      
   19      
   19      
   19      
   19      
   19      
   19      
   19      
   19      

EFC_R
   1.2     
   1.2     
   1.2     
   1.2     
   0.16    
   1.1     
   0.05    
   0.05    
   0.05    
   0.05    
   0.054   
   0.054   
   0.054   
   0.054   
   0.054   
   0.054   
   0.054   
   0.054   
   0.053   
   0.053   
   0.053   
   0.053   

ACTUATOR_VELOCITY
   4.6e-05 
  -0.0013  
  -3.3e-06 
  -0.0014  
   0.0001  
  -0.0014  
  -9.5e-05 
  -0.0014  
  -4.2e-06 
  -4.2e-06 
  -4.4e-06 
  -4.4e-06 
  -1.8e-07 
   7.1e-07 
   9.4e-07 
  -1.6e-06 
   1.8e-07 
   1.1e-08 

CVEL
   0         0         0         0         0         0       
   0.00035   0.025     0.00038  -0.0001   -2.1e-05  -2.4e+02 
   0.00038   0.025     0.00035  -0.00011  -2.1e-05  -2.4e+02 
   0.00054   0.024     0.00055  -0.00041  -0.0001   -2.4e+02 
   0.00054   0.024     0.00055  -0.00041  -0.0001   -2.4e+02 
   0.00035   0.025     0.00039  -0.0001   -2.1e-05  -2.4e+02 
   0.00047   0.024     0.00055  -0.00041  -8.5e-05  -2.4e+02 
   0.00047   0.024     0.00055  -0.00041  -8.5e-05  -2.4e+02 
   0.00042   0.025     0.00031  -0.00011  -2.1e-05  -2.4e+02 
   0.00058   0.024     0.00051   0.00024   6.6e-05  -2.4e+02 
   0.00058   0.024     0.00051   0.00024   6.6e-05  -2.4e+02 
   0.00029   0.025     0.00046  -0.00011  -2.3e-05  -2.4e+02 
   0.00041   0.024     0.00062   0.00025   4.5e-05  -2.4e+02 
   0.00041   0.024     0.00062   0.00025   4.5e-05  -2.4e+02 
   0.00035   0.025     0.00038  -0.0001   -2.1e-05  -2.4e+02 
   0.00035   0.025     0.00038  -0.0001   -2.1e-05  -2.4e+02 
   0.00035   0.025     0.00038  -0.0001   -2.1e-05  -2.4e+02 
   0.00035   0.025     0.00038  -0.0001   -2.1e-05  -2.4e+02 
   0.00035   0.025     0.00038  -0.0001   -2.1e-05  -2.4e+02 
   0.00035   0.025     0.00038  -0.0001   -2.1e-05  -2.4e+02 
   0.00035   0.025     0.00038  -0.0001   -2.1e-05  -2.4e+02 
   0.00035   0.025     0.00038  -0.0001   -2.1e-05  -2.4e+02 

CDOF_DOT
   0         0         0         0         0         0       
   0         0         0         0         0         0       
   0         0         0         0         0         0       
   0         0        -0        -7.2      -1.6e+02   8.4e-06 
  -0         0         0         2.4e+02   26        0.00031 
   0         0         0         41       -1.8e+02   7.5e-05 
  -0.019     0.00052  -0.017    -7.2      -1.6e+02   0.0013  
  -0.0041    1.5e-05   0.0034    2.4e+02   29       -0.0057  
  -0.0041    1.5e-05   0.0034    2.4e+02   29       -0.012   
  -0.019     0.00052  -0.017    -7.2      -1.6e+02  -0.0013  
  -0.0035    7.7e-06   0.0026    2.4e+02   21       -0.0057  
  -0.0035    7.7e-06   0.0026    2.4e+02   21       -0.012   
  -0.019     0.00052  -0.017    -7.2      -1.6e+02   0.0013  
  -0.0041    2.5e-05   0.0034    2.4e+02   29        0.0064  
  -0.0041    2.5e-05   0.0034    2.4e+02   29        0.00055 
  -0.019     0.00052  -0.017    -7.2      -1.6e+02  -0.0013  
  -0.0035   -5.9e-06   0.0025    2.4e+02   21        0.0064  
  -0.0035   -5.9e-06   0.0025    2.4e+02   21        0.00062 
   0.017     5e-05    -0.018     41       -1.8e+02  -0.00017 
  -0.0039    7e-06     0.0031    2.4e+02   26        0.002   
  -0.0039    7e-06     0.0031    2.4e+02   26        0.0084  
  -0.0039    7e-06     0.0031    2.4e+02   26        0.0055  
   0.017     3.8e-05  -0.018     42       -1.7e+02   4.5e-06 
  -0.018     0.00052  -0.017    -6.2      -1.7e+02   0.00077 
  -0.0039    7e-06     0.0031    2.4e+02   26        0.0015  

QFRC_BIAS
  -6.8e-05 
  -8.7e-06 
   7.2e+02 
  -0.004   
   0.45    
   0.089   
   2.1     
   3.7     
   0.33    
  -3.6     
   3.7     
   0.33    
   2.1     
   3.7     
   0.33    
  -3.6     
   3.7     
   0.33    
   0.51    
   1.4     
  -4.7     
  -1.1     
  -0.097   
   0.0093  
  -0.032   

QFRC_SPRING
   0       
   0       
   0       
   0       
   0       
   0       
   0       
   0       
   0       
   0       
   0       
   0       
   0       
   0       
   0       
   0       
   0       
   0       
   0       
   0       
   0       
   0       
   0       
   0       
   0       

QFRC_DAMPER
  -0.00032 
   2.7e-05 
   2.4e+02 
   0.00081 
  -0.025   
  -0.0049  
  -4.6e-05 
   0.0013  
   4.2e-06 
   3.3e-06 
   0.0014  
   4.2e-06 
  -0.0001  
   0.0014  
   4.4e-06 
   9.5e-05 
   0.0014  
   4.4e-06 
   1.8e-07 
  -1.4e-06 
  -9.4e-07 
   1.6e-06 
  -1.8e-07 
  -1.1e-08 
  -6.3e-08 

QFRC_GRAVCOMP
   0       
   0       
   0       
   0       
   0       
   0       
   0       
   0       
   0       
   0       
   0       
   0       
   0       
   0       
   0       
   0       
   0       
   0       
   0       
   0       
   0       
   0       
   0       
   0       
   0       

QFRC_FLUID
   0       
   0       
   0       
   0       
   0       
   0       
   0       
   0       
   0       
   0       
   0       
   0       
   0       
   0       
   0       
   0       
   0       
   0       
   0       
   0       
   0       
   0       
   0       
   0       
   0       

QFRC_PASSIVE
  -0.00032 
   2.7e-05 
   2.4e+02 
   0.00081 
  -0.025   
  -0.0049  
  -4.6e-05 
   0.0013  
   4.2e-06 
   3.3e-06 
   0.0014  
   4.2e-06 
  -0.0001  
   0.0014  
   4.4e-06 
   9.5e-05 
   0.0014  
   4.4e-06 
   1.8e-07 
  -1.4e-06 
  -9.4e-07 
   1.6e-06 
  -1.8e-07 
  -1.1e-08 
  -6.3e-08 

EFC_VEL
   4.2e-06 
   4.2e-06 
   4.4e-06 
   4.4e-06 
   7.1e-07 
  -6.3e-08 
  -1.1e-07 
  -9.1e-08 
   1.6e-08 
  -2.2e-07 
  -1.1e-07 
  -9.1e-08 
   1.5e-08 
  -2.2e-07 
  -1.1e-07 
  -9.1e-08 
   1.6e-08 
  -2.2e-07 
  -1.1e-07 
  -1.2e-07 
  -1.9e-07 
  -3.9e-08 

EFC_AREF
   53      
   53      
   53      
   53      
   0.76    
   0.012   
   0.72    
   0.72    
   0.72    
   0.72    
   0.29    
   0.29    
   0.29    
   0.29    
   0.29    
   0.29    
   0.29    
   0.29    
   1       
   1       
   1       
   1       

SUBTREE_LINVEL
   0         0         0       
   0         0         0       
   0         0         0       
   0         0         0       
   0         0         0       
   0         0         0       
   0         0         0       
   0         0         0       
   0         0         0       
   0         0         0       
   0         0         0       
   0         0         0       
   0         0         0       
   0         0         0       
   0         0         0       
   0         0         0       
   0         0         0       
   0         0         0       
   0         0         0       
   0         0         0       
   0         0         0       
   0         0         0       

SUBTREE_ANGMOM
   0         0         0       
   0         0         0       
   0         0         0       
   0         0         0       
   0         0         0       
   0         0         0       
   0         0         0       
   0         0         0       
   0         0         0       
   0         0         0       
   0         0         0       
   0         0         0       
   0         0         0       
   0         0         0       
   0         0         0       
   0         0         0       
   0         0         0       
   0         0         0       
   0         0         0       
   0         0         0       
   0         0         0       
   0         0         0       

ACTUATOR_FORCE
   0.71    
   1.2     
  -1.2     
   1.2     
   0.7     
   1.2     
  -1.2     
   1.2     
   43      
   43      
   43      
   43      
   0.2     
   0.62    
   30      
   8.4     
   0.0014  
   0.0039  

QFRC_ACTUATOR
   0       
   0       
   0       
   0       
   0       
   0       
   0.71    
   1.2     
   43      
  -1.2     
   1.2     
   43      
   0.7     
   1.2     
   43      
  -1.2     
   1.2     
   43      
   0.2     
   0.62    
   30      
   8.4     
   0.0014  
   0.0039  
   0       

QFRC_SMOOTH
  -0.00025 
   3.5e-05 
  -4.8e+02 
   0.0048  
  -0.47    
  -0.094   
  -1.4     
  -2.5     
   42      
   2.4     
  -2.5     
   42      
  -1.4     
  -2.5     
   42      
   2.4     
  -2.5     
   42      
  -0.32    
  -0.81    
   35      
   9.5     
   0.099   
  -0.0054  
   0.032   

QACC_SMOOTH
  -0.57    
   0.43    
  -2.9     
  -0.41    
  -1.8     
  -0.12    
   11      
  -2.6e+02 
   9.8e+02 
  -10      
  -2.6e+02 
   9.8e+02 
   13      
  -2.6e+02 
   9.8e+02 
  -12      
  -2.6e+02 
   9.8e+02 
   0.091   
   0.33    
   45      
   11      
   0.05    
   0.051   
  -0.78    

EFC_B
  -1e+03   
  -1e+03   
  -1e+03   
  -1e+03   
  -0.43    
   0.77    
  -7.4     
   2.2     
   25      
  -30      
  -7.4     
   2.2     
   25      
  -30      
  -7.4     
   2.2     
   25      
  -30      
  -18      
  -18      
  -19      
  -18      

EFC_FORCE
   43      
   43      
   43      
   43      
   4.8     
   0.011   
   15      
   15      
   15      
   15      
   5.4     
   5.4     
   5.4     
   5.4     
   5.4     
   5.4     
   5.4     
   5.4     
   19      
   19      
   19      
   19      

EFC_STATE
  1
  1
  1
  1
  1
  0
  1
  0
  0
  1
  1
  0
  0
  1
  1
  0
  0
  1
  1
  1
  1
  1

QFRC_CONSTRAINT
   0       
   0       
   0       
   0       
   0       
   0       
   0       
   0       
  -43      
   0       
   0       
  -43      
   0       
   0       
  -43      
   0       
   0       
  -43      
  -0.026   
  -0.15    
  -32      
  -8.7     
  -0.034   
  -0.00083 
  -0.011   

QFRC_INVERSE
   0       
   0       
   0       
   0       
   0       
   0       
   0       
   0       
   0       
   0       
   0       
   0       
   0       
   0       
   0       
   0       
   0       
   0       
   0       
   0       
   0       
   0       
   0       
   0       
   0       

CACC
   0         0         0        -0        -0         9.8     
  -0.00064  -0.027    -0.0007    6.1      -0.084     3.3     
  -0.00087  -0.027    -0.00045   6.1      -0.091     3.3     
  -0.00098  -0.026    -0.0006    5.7      -0.13      3.3     
  -0.00095  -0.026    -0.00057   5.7      -0.13      3.3     
  -0.00044  -0.027    -0.00091   6.1      -0.083     3.3     
  -0.00053  -0.026    -0.001     5.7      -0.11      3.3     
  -0.00051  -0.026    -0.001     5.7      -0.11      3.3     
  -0.00088  -0.027    -0.00044   6.1      -0.1       3.3     
  -0.00099  -0.026    -0.0006    5.7      -0.14      3.3     
  -0.00096  -0.026    -0.00056   5.7      -0.14      3.3     
  -0.0004   -0.027    -0.00096   6.1      -0.068     3.3     
  -0.00048  -0.026    -0.0011    5.7      -0.098     3.3     
  -0.00046  -0.026    -0.0011    5.7      -0.098     3.3     
  -0.00064  -0.027    -0.0007    6.1      -0.084     3.3     
  -0.00064  -0.027    -0.00069   6.1      -0.084     3.3     
  -0.00064  -0.027    -0.0007    6.1      -0.084     3.3     
  -0.00063  -0.027    -0.00068   6.1      -0.084     3.3     
  -0.00063  -0.027    -0.00068   6.1      -0.084     3.3     
  -0.00063  -0.027    -0.00068   6.1      -0.084     3.3     
  -0.00063  -0.027    -0.00068   6.1      -0.084     3.3     
  -0.00063  -0.027    -0.00068   6.1      -0.084     3.3     

CFRC_INT
  -0.005    -0.17     -0.00032  -0.00028   2.5e-05   2.4e+02 
  -0.005    -0.17     -0.00032  -0.00028   2.5e-05   2.4e+02 
   2.8      -4.4      -0.0069    0.064    -0.0027    27      
   2.3      -2.4      -0.0058    0.046    -0.0018    17      
   0.14      0.18     -0.00063   0.0093   -0.00028   1.7     
  -3.9      -5.1       0.0085    0.055    -0.0023    27      
  -3.2      -2.9       0.0076    0.038    -0.0014    17      
  -0.48      0.12      0.0024    0.0084   -0.00011   1.7     
   3.3       7.5       0.0045   -0.042     0.0024    27      
   2.6       5.4       0.0034   -0.023     0.0015    17      
   0.17      0.95     -0.0002    0.0025    4.7e-05   1.7     
  -3.4       6.8      -0.0061   -0.051     0.0029    27      
  -2.9       4.8      -0.0048   -0.031     0.0019    17      
  -0.44      0.88      0.00035   0.0016    0.00024   1.7     
  -1.9       22       -3.2       68       -2.9      -59      
  -2         22       -3.2       68       -2.9      -61      
  -2         23       -3.2       68       -2.9      -63      
  -2.6       29       -4.1       14       -16       -1.2e+02 
  -2.7       29       -4.1       14       -16       -1.2e+02 
  -2.8       29       -4.1       14       -16       -1.2e+02 
  -2.9       29       -4.1       14       -16       -1.2e+02 
   0.039    -0.28      3.7e-06  -0.00042  -4.6e-05   0.9     

CFRC_EXT
   0         0         0         0         0         0       
  -2.5       24       -3.2       68       -2.9      -75      
   0         0         0         0         0         0       
   0         0         0         0         0         0       
   0         0         0         0         0         0       
   0         0         0         0         0         0       
   0         0         0         0         0         0       
   0         0         0         0         0         0       
   0         0         0         0         0         0       
   0         0         0         0         0         0       
   0         0         0         0         0         0       
   0         0         0         0         0         0       
   0         0         0         0         0         0       
   0         0         0         0         0         0       
   0         0         0         0         0         0       
   0         0         0         0         0         0       
  -0.47      5.5      -0.9      -54       -13       -52      
   0         0         0         0         0         0       
   0         0         0         0         0         0       
   0         0         0         0         0         0       
   3        -30        4.1      -14        16        1.3e+02 
   0         0         0         0         0         0       

TREE_ISLAND
  0

ISLAND_NTREE
  1

ISLAND_ITREEADR
  0

MAP_ITREE2TREE
  0

DOF_ISLAND            0 0 0 0 0 0 0 0 0 0 0 0 0 0 0 0 0 0 0 0 0 0 0 0 0

ISLAND_NV             25

ISLAND_IDOFADR        0

MAP_IDOF2DOF          0 1 2 3 4 5 6 7 8 9 10 11 12 13 14 15 16 17 18 19 20 21 22 23 24

EFC_ISLAND            0 0 0 0 0 0 0 0 0 0 0 0 0 0 0 0 0 0 0 0 0 0

ISLAND_NEFC           22

ISLAND_IEFCADR        0

MAP_IEFC2EFC          0 1 2 3 4 5 6 7 8 9 10 11 12 13 14 15 16 17 18 19 20 21

